255 255 255 255 255 255 255 255 255 255 255 255 255 255 255 255
255 255 255 255 255 255 255 255 255 255 255 255 255 255 255 255
255 255   0   0   0   0   0   0   0   0   0   0   0   0 255 255
255 255   0   0   0   0   0   0   0   0   0   0   0   0 255 255
255 255   0   0   0   0   0   0   0   0   0   0   0   0 255 255
255 255   0   0   0   0   0   0   0   0   0   0   0   0 255 255
255 255   0   0   0   0   0   0   0   0   0   0   0   0 255 255
255 255   0   0   0   0   0  35 211   0   0   0   0   0 255 255
255 255   0   0   0   0   0 254 254   0   0   0   0   0 255 255
255 255   0   0   0   0   0   0   0   0   0   0   0   0 255 255
255 255   0   0   0   0   0   0   0   0   0   0   0   0 255 255
255 255   0   0   0   0   0   0   0   0   0   0   0   0 255 255
255 255   0   0   0   0   0   0   0   0   0   0   0   0 255 255
255 255   0   0   0   0   0   0   0   0   0   0   0   0 255 255
255 255 255 255 255 255 255 255 255 255 255 255 255 255 255 255
255 255 255 255 255 255 255 255 255 255 255 255 255 255 255 255
255 255 255 255 255 255 255 255 255 255 255 255 255 255 255 255
255 255 255 255 255 255 255 255 255 255 255 255 255 255 255 255
255 255   0   0   0   0   0   0   0   0   0   0   0   0 255 255
255 255   0   0   0   0   0   0   0   0   0   0   0   0 255 255
255 255   0   0   0   0   0   0   0   0   0   0   0   0 255 255
255 255   0   0   0   0   0   0   0   0   0   0   0   0 255 255
255 255   0   0   0   0   0   0   0   0   0   0   0   0 255 255
255 255   0   0   0   0   0  36 211   0   0   0   0   0 255 255
255 255   0   0   0   0   0 254 254   0   0   0   0   0 255 255
255 255   0   0   0   0   0   0   0   0   0   0   0   0 255 255
255 255   0   0   0   0   0   0   0   0   0   0   0   0 255 255
255 255   0   0   0   0   0   0   0   0   0   0   0   0 255 255
255 255   0   0   0   0   0   0   0   0   0   0   0   0 255 255
255 255   0   0   0   0   0   0   0   0   0   0   0   0 255 255
255 255 255 255 255 255 255 255 255 255 255 255 255 255 255 255
255 255 255 255 255 255 255 255 255 255 255 255 255 255 255 255
255 255 255 255 255 255 255 255 255 255 255 255 255 255 255 255
255 255 255 255 255 255 255 255 255 255 255 255 255 255 255 255
255 255   0   0   0   0   0   0   0   0   0   0   0   0 255 255
255 255   0   0   0   0   0   0   0   0   0   0   0   0 255 255
255 255   0   0   0   0   0   0   0   0   0   0   0   0 255 255
255 255   0   0   0   0   0   0   0   0   0   0   0   0 255 255
255 255   0   0   0   0   0   0   0   0   0   0   0   0 255 255
255 255   0   0   0   0   0  36 211   0   0   0   0   0 255 255
255 255   0   0   0   0   0 254 255   0   0   0   0   0 255 255
255 255   0   0   0   0   0   0   0   0   0   0   0   0 255 255
255 255   0   0   0   0   0   0   0   0   0   0   0   0 255 255
255 255   0   0   0   0   0   0   0   0   0   0   0   0 255 255
255 255   0   0   0   0   0   0   0   0   0   0   0   0 255 255
255 255   0   0   0   0   0   0   0   0   0   0   0   0 255 255
255 255 255 255 255 255 255 255 255 255 255 255 255 255 255 255
255 255 255 255 255 255 255 255 255 255 255 255 255 255 255 255

255 255 255 255 255 255 255 255 255 255 255 255 255 255 255 255
255 255 255 255 255 255 255 255 255 255 255 255 255 255 255 255
255 255   0   0   0   0   0   0   0   0   0   0   0   0 255 255
255 255   0   0   0   0   0   0   0   0   0   0   0   0 255 255
255 255   0   0   0   0   0   0   0   0   0   0   0   0 255 255
255 255   0   0   0   0   0   0   0   0   0   0   0   0 255 255
255 255   0   0   0   0   0   0   0   0   0   0   0   0 255 255
255 255   0   0   0   0   0 211 254   0   0   0   0   0 255 255
255 255   0   0   0   0   0  35 254   0   0   0   0   0 255 255
255 255   0   0   0   0   0   0   0   0   0   0   0   0 255 255
255 255   0   0   0   0   0   0   0   0   0   0   0   0 255 255
255 255   0   0   0   0   0   0   0   0   0   0   0   0 255 255
255 255   0   0   0   0   0   0   0   0   0   0   0   0 255 255
255 255   0   0   0   0   0   0   0   0   0   0   0   0 255 255
255 255 255 255 255 255 255 255 255 255 255 255 255 255 255 255
255 255 255 255 255 255 255 255 255 255 255 255 255 255 255 255
255 255 255 255 255 255 255 255 255 255 255 255 255 255 255 255
255 255 255 255 255 255 255 255 255 255 255 255 255 255 255 255
255 255   0   0   0   0   0   0   0   0   0   0   0   0 255 255
255 255   0   0   0   0   0   0   0   0   0   0   0   0 255 255
255 255   0   0   0   0   0   0   0   0   0   0   0   0 255 255
255 255   0   0   0   0   0   0   0   0   0   0   0   0 255 255
255 255   0   0   0   0   0   0   0   0   0   0   0   0 255 255
255 255   0   0   0   0   0 211 254   0   0   0   0   0 255 255
255 255   0   0   0   0   0  36 254   0   0   0   0   0 255 255
255 255   0   0   0   0   0   0   0   0   0   0   0   0 255 255
255 255   0   0   0   0   0   0   0   0   0   0   0   0 255 255
255 255   0   0   0   0   0   0   0   0   0   0   0   0 255 255
255 255   0   0   0   0   0   0   0   0   0   0   0   0 255 255
255 255   0   0   0   0   0   0   0   0   0   0   0   0 255 255
255 255 255 255 255 255 255 255 255 255 255 255 255 255 255 255
255 255 255 255 255 255 255 255 255 255 255 255 255 255 255 255
255 255 255 255 255 255 255 255 255 255 255 255 255 255 255 255
255 255 255 255 255 255 255 255 255 255 255 255 255 255 255 255
255 255   0   0   0   0   0   0   0   0   0   0   0   0 255 255
255 255   0   0   0   0   0   0   0   0   0   0   0   0 255 255
255 255   0   0   0   0   0   0   0   0   0   0   0   0 255 255
255 255   0   0   0   0   0   0   0   0   0   0   0   0 255 255
255 255   0   0   0   0   0   0   0   0   0   0   0   0 255 255
255 255   0   0   0   0   0 211 255   0   0   0   0   0 255 255
255 255   0   0   0   0   0  36 254   0   0   0   0   0 255 255
255 255   0   0   0   0   0   0   0   0   0   0   0   0 255 255
255 255   0   0   0   0   0   0   0   0   0   0   0   0 255 255
255 255   0   0   0   0   0   0   0   0   0   0   0   0 255 255
255 255   0   0   0   0   0   0   0   0   0   0   0   0 255 255
255 255   0   0   0   0   0   0   0   0   0   0   0   0 255 255
255 255 255 255 255 255 255 255 255 255 255 255 255 255 255 255
255 255 255 255 255 255 255 255 255 255 255 255 255 255 255 255

255 254 254 254 254 254 254 254 254 254 254 254 254 254 254 255
254 166 105 105 105 105 105 105 105 105 105 105 105 105 174 254
254 105   0   0   0   0   0   0   0   0   0   0   0   0 118 254
254 105   0   0   0   0   0   0   0   0   0   0   0   0 118 254
254 105   0   0   1  19  20  20  20  20  19   0   0   0 118 254
254 105   0   0  19 177 117 117 117 117 184  18   0   0 118 254
254 105   0   0  20 117  21  52  52  20 130  18   0   0 118 254
254 105   0   0  20 117  53 200 201  48 129  18   0   0 118 254
254 105   0   0  20 117  53 189 189  48 129  18   0   0 118 254
254 105   0   0  20 117  20  47  47  18 130  18   0   0 118 254
254 105   0   0  19 184 130 129 129 130 189  18   0   0 118 254
254 105   0   0   0  18  18  18  18  18  18   0   0   0 118 254
254 105   0   0   0   0   0   0   0   0   0   0   0   0 118 254
254 105   0   0   0   0   0   0   0   0   0   0   0   0 118 254
254 174 118 118 118 118 118 118 118 118 118 118 118 118 181 254
255 254 254 254 254 254 254 254 254 254 254 254 254 254 254 255
255 254 254 254 254 254 254 254 254 254 254 254 254 254 254 255
254 166 105 105 105 105 105 105 105 105 105 105 105 105 174 254
254 105   0   0   0   0   0   0   0   0   0   0   0   0 118 254
254 105   0   0   0   0   0   0   0   0   0   0   0   0 118 254
254 105   0   0   1  19  20  20  20  20  19   0   0   0 118 254
254 105   0   0  19 177 117 117 117 117 184  18   0   0 118 254
254 105   0   0  20 117  21  52  52  20 130  18   0   0 118 254
254 105   0   0  20 117  53 200 201  47 129  18   0   0 118 254
254 105   0   0  20 117  52 189 189  47 129  18   0   0 118 254
254 105   0   0  20 117  20  47  47  18 130  18   0   0 118 254
254 105   0   0  19 184 130 129 129 130 189  18   0   0 118 254
254 105   0   0   0  18  18  18  18  18  18   0   0   0 118 254
254 105   0   0   0   0   0   0   0   0   0   0   0   0 118 254
254 105   0   0   0   0   0   0   0   0   0   0   0   0 118 254
254 174 118 118 118 118 118 118 118 118 118 118 118 118 181 254
255 254 254 254 254 254 254 254 254 254 254 254 254 254 254 255
255 254 254 254 254 254 254 254 254 254 254 254 254 254 254 255
254 166 105 105 105 105 105 105 105 105 105 105 105 105 174 254
254 105   0   0   0   0   0   0   0   0   0   0   0   0 118 254
254 105   0   0   0   0   0   0   0   0   0   0   0   0 118 254
254 105   0   0   1  19  20  20  20  20  19   0   0   0 118 254
254 105   0   0  19 177 117 117 117 117 184  18   0   0 118 254
254 105   0   0  20 117  21  52  52  20 130  18   0   0 118 254
254 105   0   0  20 117  53 200 201  48 129  18   0   0 118 254
254 105   0   0  20 117  52 189 189  48 129  18   0   0 118 254
254 105   0   0  20 117  20  47  47  18 130  18   0   0 118 254
254 105   0   0  19 184 130 129 129 130 189  18   0   0 118 254
254 105   0   0   0  18  18  18  18  18  18   0   0   0 118 254
254 105   0   0   0   0   0   0   0   0   0   0   0   0 118 254
254 105   0   0   0   0   0   0   0   0   0   0   0   0 118 254
254 174 118 118 118 118 118 118 118 118 118 118 118 118 181 254
255 254 254 254 254 254 254 254 254 254 254 254 254 254 254 255

255 255 254 254 254 254 254 254 254 254 254 254 254 254 255 255
255 174 112 112 112 112 112 112 112 112 112 112 112 112 174 255
254 112   0   0   0   0   0   0   0   0   0   0   0   0 112 254
254 112   0   0   0   0   0   0   0   0   0   0   0   0 112 254
254 112   0   0   1  19  19  19  19  19  19   1   0   0 112 254
254 112   0   0  19 184 124 124 124 124 184  19   0   0 112 254
254 112   0   0  19 124  20  50  50  20 124  19   0   0 112 254
254 112   0   0  19 124  50 200 189  50 124  19   0   0 112 254
254 112   0   0  19 124  50 202 191  50 124  19   0   0 112 254
254 112   0   0  19 124  20  51  51  20 124  19   0   0 112 254
254 112   0   0  19 184 124 124 124 124 184  19   0   0 112 254
254 112   0   0   1  19  19  19  19  19  19   1   0   0 112 254
254 112   0   0   0   0   0   0   0   0   0   0   0   0 112 254
254 112   0   0   0   0   0   0   0   0   0   0   0   0 112 254
255 174 112 112 112 112 112 112 112 112 112 112 112 112 174 255
255 255 254 254 254 254 254 254 254 254 254 254 254 254 255 255
255 255 254 254 254 254 254 254 254 254 254 254 254 254 255 255
255 174 112 112 112 112 112 112 112 112 112 112 112 112 174 255
254 112   0   0   0   0   0   0   0   0   0   0   0   0 112 254
254 112   0   0   0   0   0   0   0   0   0   0   0   0 112 254
254 112   0   0   1  19  19  19  19  19  19   1   0   0 112 254
254 112   0   0  19 184 124 124 124 124 184  19   0   0 112 254
254 112   0   0  19 124  20  50  50  20 124  19   0   0 112 254
254 112   0   0  19 124  50 199 189  50 124  19   0   0 112 254
254 112   0   0  19 124  50 202 191  50 124  19   0   0 112 254
254 112   0   0  19 124  20  51  51  20 124  19   0   0 112 254
254 112   0   0  19 184 124 124 124 124 184  19   0   0 112 254
254 112   0   0   1  19  19  19  19  19  19   1   0   0 112 254
254 112   0   0   0   0   0   0   0   0   0   0   0   0 112 254
254 112   0   0   0   0   0   0   0   0   0   0   0   0 112 254
255 174 112 112 112 112 112 112 112 112 112 112 112 112 174 255
255 255 254 254 254 254 254 254 254 254 254 254 254 254 255 255
255 255 254 254 254 254 254 254 254 254 254 254 254 254 255 255
255 174 112 112 112 112 112 112 112 112 112 112 112 112 174 255
254 112   0   0   0   0   0   0   0   0   0   0   0   0 112 254
254 112   0   0   0   0   0   0   0   0   0   0   0   0 112 254
254 112   0   0   1  19  19  19  19  19  19   1   0   0 112 254
254 112   0   0  19 184 124 124 124 124 184  19   0   0 112 254
254 112   0   0  19 124  20  50  50  20 124  19   0   0 112 254
254 112   0   0  19 124  50 200 189  50 124  19   0   0 112 254
254 112   0   0  19 124  50 202 191  50 124  19   0   0 112 254
254 112   0   0  19 124  20  51  51  20 124  19   0   0 112 254
254 112   0   0  19 184 124 124 124 124 184  19   0   0 112 254
254 112   0   0   1  19  19  19  19  19  19   1   0   0 112 254
254 112   0   0   0   0   0   0   0   0   0   0   0   0 112 254
254 112   0   0   0   0   0   0   0   0   0   0   0   0 112 254
255 174 112 112 112 112 112 112 112 112 112 112 112 112 174 255
255 255 254 254 254 254 254 254 254 254 254 254 254 254 255 255
